1000 3000
529 183
820 637
722 481
177 255
273 446
461 387
9 839
799 963
70 175
269 132
704 527
274 264
348 469
566 341
940 906
757 502
926 439
734 766
278 524
66 642
208 31
390 168
629 928
68 752
152 788
661 528
279 541
59 7
976 561
303 841
372 406
922 673
192 132
329 895
568 304
878 642
334 141
161 63
266 854
140 489
118 334
789 950
899 50
757 884
565 806
578 974
582 101
888 210
10 612
931 679
248 353
123 866
822 504
892 565
60 5
271 339
844 12
176 636
853 172
145 784
14 178
654 788
307 143
308 902
132 87
781 201
654 50
707 264
807 363
609 619
615 513
275 660
665 813
958 301
222 634
257 897
566 982
303 789
262 402
770 966
78 162
767 799
38 604
871 53
548 904
68 104
143 261
572 863
942 40
223 323
931 219
245 420
263 991
46 67
917 929
289 917
879 187
4 68
800 843
642 873
821 153
45 418
325 649
698 630
57 701
828 388
318 438
578 485
96 792
205 66
448 223
785 587
728 20
553 155
446 712
250 365
484 279
246 35
948 809
729 435
904 358
511 813
901 200
646 3
980 161
312 119
148 574
563 341
15 590
421 176
228 703
36 649
520 688
224 746
853 372
943 832
375 490
879 270
453 503
162 256
927 845
313 713
679 398
395 735
1 990
747 724
241 26
496 252
209 975
307 853
637 174
740 730
452 943
130 718
955 336
544 954
649 856
175 257
252 854
613 722
118 453
486 151
602 682
713 221
858 483
264 888
831 336
89 400
363 711
585 226
840 168
657 577
885 961
675 18
367 109
476 714
785 795
881 325
1 758
605 849
65 349
809 445
605 979
248 405
312 818
357 607
193 594
818 44
411 332
520 112
679 534
101 250
90 521
192 187
856 724
413 942
551 458
51 670
268 648
520 1
1 761
618 400
410 405
554 38
863 476
236 488
585 806
181 744
594 442
803 82
812 85
760 949
765 608
625 882
537 893
426 638
908 141
353 790
73 38
676 337
573 597
107 834
43 401
673 171
791 118
741 252
683 622
342 578
690 133
447 683
483 131
584 793
675 580
192 307
554 963
698 587
258 340
319 993
825 374
577 75
458 703
4 531
377 278
464 389
896 836
678 157
410 41
288 359
174 517
133 150
33 235
614 132
16 107
329 236
362 385
273 995
31 378
139 135
939 160
853 992
875 739
64 129
451 383
426 104
206 875
934 26
981 860
196 23
51 559
689 44
957 64
940 50
964 513
232 719
282 531
748 330
510 515
525 18
97 428
934 308
28 4
778 182
549 46
589 180
271 920
83 921
311 284
413 229
375 260
559 943
32 175
976 218
405 634
482 156
185 840
828 755
188 136
120 450
850 998
210 64
702 189
62 999
470 151
145 881
618 372
822 661
56 44
689 101
295 750
841 697
801 203
167 189
836 78
740 120
571 589
694 152
469 911
351 2
968 603
219 246
171 315
515 406
429 237
976 177
428 911
885 10
960 990
542 435
905 330
517 973
342 146
377 523
754 556
887 824
615 951
176 177
790 173
610 526
267 43
401 957
783 318
49 293
157 600
299 745
231 63
163 702
28 870
926 80
130 199
304 239
485 964
352 511
132 388
980 509
347 982
348 610
529 248
623 454
321 138
477 851
207 826
984 421
180 893
285 189
896 628
487 30
633 962
108 538
238 38
247 757
42 443
600 200
104 237
421 788
262 290
697 936
141 243
788 91
378 60
587 131
429 214
789 966
173 907
759 7
499 67
379 809
411 961
560 699
149 572
440 796
637 34
115 284
164 147
709 953
119 517
848 774
473 856
567 760
8 775
42 307
258 22
813 355
821 590
256 431
414 88
105 7
241 11
52 214
290 578
447 632
515 330
831 978
686 650
16 504
130 456
827 335
356 911
128 391
585 971
829 292
318 530
99 607
69 633
432 961
261 43
769 264
26 304
930 471
268 5
320 639
692 572
367 113
221 416
70 746
755 52
176 699
830 740
428 451
372 171
853 191
4 79
892 351
976 926
684 521
831 523
42 610
477 220
669 726
929 300
277 439
239 58
852 855
723 942
48 433
194 607
117 528
723 259
522 232
972 728
505 134
492 26
686 549
550 94
24 127
891 614
696 952
804 883
890 580
186 894
335 130
0 760
745 105
127 569
702 216
534 728
107 541
647 329
916 176
110 391
33 893
464 806
70 927
721 204
982 100
85 433
181 562
472 456
122 43
89 140
685 425
630 262
630 483
374 541
836 811
708 460
373 839
811 322
224 919
936 781
920 548
477 51
705 993
821 467
466 35
947 869
640 472
39 461
785 774
2 198
918 693
770 448
396 310
714 559
355 833
825 378
804 632
202 810
291 340
266 464
614 138
626 241
146 285
662 871
991 780
732 20
157 832
937 125
71 971
282 227
383 110
670 155
299 832
734 95
836 825
476 341
685 763
41 949
310 580
390 460
335 442
678 75
6 665
814 918
576 152
546 786
830 231
159 314
970 645
601 609
435 500
517 287
468 58
762 966
507 350
476 701
946 157
363 490
388 403
852 110
934 943
488 735
343 441
570 37
786 847
708 282
405 101
901 726
645 182
707 823
584 998
9 451
337 213
128 959
376 743
375 654
758 125
45 579
916 825
555 996
498 930
561 58
201 751
243 798
284 761
377 741
138 542
739 191
27 750
336 477
828 64
557 96
875 342
698 165
253 174
266 987
893 239
757 522
906 488
783 996
953 591
836 110
281 577
76 79
850 342
241 924
207 790
861 15
880 748
427 820
624 199
432 627
574 174
369 701
910 753
745 320
917 833
60 592
66 947
588 707
748 854
217 270
931 878
266 671
14 784
641 460
553 92
92 830
812 268
789 206
683 227
972 996
240 60
108 854
268 770
790 416
603 810
732 394
464 891
463 874
394 262
855 618
804 278
840 860
18 550
343 995
253 915
241 422
84 376
608 884
384 7
791 291
420 128
940 279
635 428
781 400
756 552
141 804
263 24
356 929
748 911
39 104
349 948
460 416
245 378
459 320
33 754
182 600
959 16
587 180
315 429
958 197
810 85
311 741
805 281
947 440
846 563
411 266
349 837
468 931
510 670
298 263
377 998
253 791
941 413
459 225
133 531
561 87
554 278
926 893
804 665
447 368
583 396
86 44
718 894
333 466
869 758
34 183
587 20
653 918
456 515
836 613
270 381
461 498
512 215
690 613
60 158
595 615
771 462
361 406
156 764
503 994
153 591
119 35
495 670
923 771
468 728
34 809
444 807
438 66
372 75
606 768
616 120
933 992
796 151
994 790
152 723
942 811
713 621
357 432
679 260
780 797
820 480
717 771
780 927
807 407
922 191
446 404
429 306
773 160
275 654
962 425
66 251
156 355
397 488
849 498
451 150
204 321
164 939
734 698
808 998
560 634
297 324
832 628
207 584
734 415
667 705
172 495
253 804
121 373
515 354
329 283
15 106
498 685
105 174
208 218
55 696
43 265
910 659
343 80
84 671
295 97
691 23
93 386
37 803
245 130
182 245
550 223
905 686
313 203
854 538
981 141
200 377
61 744
488 879
496 942
95 263
121 446
551 155
201 822
135 149
348 653
823 163
212 697
948 887
14 968
540 890
919 304
296 147
102 441
165 224
716 1
449 16
929 259
72 491
199 35
55 430
743 673
33 327
502 661
209 960
827 938
177 683
412 987
146 683
336 480
7 613
352 220
591 528
840 89
445 35
532 594
765 77
145 937
549 358
154 103
1 522
526 849
229 592
984 167
404 204
209 661
619 279
414 302
94 134
256 231
75 491
686 597
99 562
405 229
122 105
29 851
483 289
528 76
415 651
505 448
396 251
903 231
322 510
211 298
986 867
63 410
833 700
749 589
106 400
858 281
651 104
78 631
429 838
676 125
337 150
100 171
485 163
614 940
592 753
230 31
296 452
279 198
555 207
571 193
879 48
654 814
58 589
647 865
419 385
383 912
294 122
698 771
369 175
205 274
721 86
514 165
323 814
449 365
574 734
63 478
620 228
603 93
559 678
674 284
92 342
534 933
705 806
719 714
112 825
563 503
800 880
664 79
933 326
562 617
299 23
534 402
454 826
677 707
910 509
878 328
474 950
711 48
748 23
587 440
480 733
22 113
993 230
528 122
673 566
597 580
382 397
427 318
573 793
329 226
928 308
351 906
692 246
625 62
248 2
707 185
760 968
102 144
944 640
444 435
400 697
631 148
122 784
378 106
909 698
482 443
888 204
581 848
655 475
369 579
13 57
950 931
576 128
713 613
19 733
2 289
265 162
243 237
88 621
77 359
347 114
52 38
26 108
502 367
464 175
275 125
770 473
845 80
665 879
915 970
484 34
820 329
831 268
283 504
137 162
202 0
69 908
442 996
461 485
911 841
672 986
334 681
519 143
577 630
942 788
135 180
76 860
723 580
183 145
764 961
214 211
753 730
849 25
216 903
392 625
419 860
462 38
801 489
146 114
568 204
692 761
397 443
623 881
277 124
12 329
334 473
186 579
234 849
781 50
35 797
902 618
224 995
777 751
16 527
247 42
122 496
694 825
325 58
891 509
155 537
786 554
646 530
223 203
578 873
413 668
131 278
966 987
333 848
322 218
272 340
144 908
861 254
506 670
990 130
320 348
377 301
662 601
598 179
183 447
89 127
696 576
614 736
241 532
51 404
58 907
917 43
160 127
546 927
741 688
77 26
510 390
458 160
248 831
897 719
980 111
623 333
58 342
108 763
940 872
850 307
153 550
824 755
96 459
270 529
323 979
381 436
571 783
785 235
215 556
717 798
860 893
256 590
825 959
504 714
537 210
341 790
580 20
796 188
475 107
626 296
793 642
385 720
509 287
34 230
64 279
22 859
956 690
509 800
860 436
699 275
543 815
235 666
412 584
445 717
695 447
492 491
699 320
624 497
803 25
846 146
251 59
371 755
420 583
432 376
320 431
985 378
704 748
830 137
117 25
6 972
982 272
94 319
755 41
798 659
968 83
431 623
378 594
154 323
394 244
607 363
46 200
867 468
80 208
885 19
97 437
924 885
842 721
471 467
513 858
729 978
573 347
826 543
501 703
51 936
405 226
614 657
831 892
795 630
423 131
800 44
73 25
96 407
960 918
497 104
787 438
766 541
605 498
818 500
679 385
858 140
548 936
695 937
110 626
593 645
622 619
131 515
9 814
632 549
561 172
168 756
754 778
250 677
590 351
594 929
448 181
683 23
995 778
984 243
604 91
847 130
367 863
401 18
256 842
830 55
368 487
990 0
449 249
960 705
800 414
778 546
172 921
711 57
159 721
475 614
535 263
5 140
41 320
353 109
864 65
925 983
920 957
597 422
10 794
174 676
62 727
233 622
597 435
229 529
360 577
601 809
33 751
917 604
90 192
298 982
505 801
59 725
84 732
156 380
396 43
807 848
995 874
355 527
274 933
800 844
82 331
595 7
238 612
999 998
685 130
772 611
483 691
201 171
493 472
842 421
840 162
551 159
119 428
234 460
450 397
968 662
305 102
354 408
87 197
396 941
385 247
855 235
85 959
931 459
563 378
566 975
170 366
325 526
437 724
79 65
505 490
127 82
152 195
35 551
991 755
166 458
51 190
315 866
418 928
271 594
117 679
714 31
835 988
395 947
78 176
608 546
558 470
24 833
704 783
875 44
565 878
475 172
417 152
280 34
364 37
606 859
184 35
630 979
550 974
589 168
785 18
674 521
644 226
709 407
730 944
948 99
870 201
541 693
377 788
222 353
638 32
750 370
907 797
416 495
784 906
919 869
555 637
570 155
406 897
984 845
906 382
467 663
98 810
423 607
101 737
205 257
514 68
10 285
737 370
903 58
496 396
613 242
63 375
212 793
449 483
263 921
81 104
605 748
166 3
484 85
153 493
307 156
658 417
365 243
826 830
822 525
726 506
408 956
607 117
903 875
721 793
228 69
877 594
147 348
398 257
24 722
99 795
958 4
983 744
850 10
259 123
504 691
782 738
388 836
617 298
977 465
556 604
424 741
402 536
770 333
626 40
518 347
715 831
728 331
621 846
474 618
603 847
857 826
11 42
807 845
784 71
94 573
532 610
390 844
339 957
640 102
229 95
9 262
514 527
75 902
636 278
662 574
812 578
242 579
427 193
698 115
828 824
917 973
56 809
145 968
68 125
988 291
536 541
560 373
923 896
652 851
927 424
142 317
856 262
617 4
923 194
687 200
485 29
160 178
627 19
543 757
784 889
233 935
670 883
616 312
327 538
25 396
74 127
106 583
80 18
856 214
99 403
188 25
441 90
893 30
372 114
194 714
563 680
268 767
952 328
339 789
656 121
759 769
896 979
661 780
917 593
617 296
362 891
726 534
661 361
491 532
645 953
300 816
395 782
334 833
148 896
53 729
841 677
523 878
262 575
406 98
294 422
681 917
406 542
110 47
56 775
192 891
961 283
478 375
486 339
238 241
810 272
351 896
769 178
887 417
677 667
844 941
710 828
970 188
186 993
256 60
607 13
137 374
887 430
305 834
725 91
27 767
899 808
688 656
913 39
729 78
533 246
811 21
40 773
548 977
680 610
199 91
435 168
956 437
543 281
0 874
869 212
224 691
881 43
590 249
260 926
966 585
491 310
782 221
620 938
144 347
980 353
837 360
523 632
683 350
421 686
642 405
12 521
779 518
566 632
122 982
873 500
493 356
89 557
262 512
501 680
348 778
201 858
789 77
933 938
450 461
627 55
505 609
634 102
14 583
21 181
482 755
814 75
526 149
727 46
430 441
633 387
416 779
570 854
952 432
928 55
225 531
88 246
51 654
337 461
125 396
715 916
968 133
690 230
626 640
773 810
825 666
415 680
792 62
502 902
936 626
190 619
615 797
8 303
479 668
984 587
691 272
237 548
837 786
254 637
862 402
441 591
64 736
4 134
64 480
350 624
387 281
858 186
922 594
382 766
489 802
301 411
584 817
906 833
441 756
575 435
558 720
347 822
35 309
757 772
657 98
159 237
733 797
858 220
975 924
718 651
580 370
139 60
74 636
469 81
140 154
477 102
660 345
951 716
389 654
22 838
781 644
567 231
163 843
525 745
218 540
222 232
414 552
5 626
717 303
674 379
509 499
889 29
602 891
721 966
482 338
270 398
791 275
344 705
411 734
467 360
607 278
467 704
175 377
540 81
769 917
501 978
979 334
910 23
550 865
563 714
495 891
940 151
239 151
563 731
208 637
672 276
74 991
585 61
327 276
698 947
906 825
76 942
723 195
247 166
336 466
818 345
570 56
849 611
875 135
251 698
413 809
901 287
378 891
133 699
49 712
496 735
886 943
989 263
944 311
893 565
531 683
88 347
368 252
251 347
898 171
389 233
121 455
939 775
245 996
189 257
733 259
274 663
198 258
908 294
817 865
804 609
701 801
25 652
760 183
154 232
8 827
685 362
87 901
531 333
14 375
789 235
932 758
906 911
430 975
758 413
253 831
61 360
723 983
649 815
270 58
245 376
433 913
420 982
894 85
382 951
85 104
111 286
775 95
192 797
226 89
512 344
665 374
751 666
549 110
229 104
891 91
688 620
391 310
438 81
666 397
368 581
721 705
826 87
836 347
119 915
675 619
617 448
490 927
306 904
924 287
377 784
501 656
6 70
101 618
246 136
22 188
557 565
741 792
744 989
347 835
809 259
754 157
836 529
766 557
373 688
484 389
543 793
743 883
689 628
527 160
247 680
926 4
977 574
103 215
202 834
275 741
818 407
161 908
873 59
394 686
330 985
14 211
370 208
20 465
753 55
524 566
541 970
33 87
27 356
816 442
61 784
391 996
733 240
908 641
506 376
608 784
920 485
122 41
601 245
487 276
29 467
780 313
226 831
907 290
786 42
50 600
131 782
740 129
156 325
556 258
299 414
218 291
542 102
668 200
265 424
804 851
856 817
157 203
493 401
287 389
653 235
846 454
567 85
763 873
879 47
367 608
828 189
580 851
521 87
769 703
450 477
433 797
201 845
592 98
342 992
719 77
195 643
711 18
45 776
295 67
902 701
80 269
906 43
716 971
358 975
72 542
963 842
901 234
992 606
80 348
793 428
402 102
342 387
625 798
601 688
203 317
269 582
466 243
137 489
845 653
50 851
968 402
314 137
3 632
74 135
259 52
246 749
630 935
998 909
693 565
685 524
642 254
299 956
689 780
677 138
840 202
397 43
326 748
759 970
535 850
307 76
800 379
802 903
270 218
985 493
212 428
904 2
366 112
502 983
658 325
313 509
598 350
301 715
580 320
821 769
350 593
491 557
547 765
878 739
261 406
329 113
835 169
309 542
308 27
420 11
946 854
433 515
205 359
223 892
385 230
545 648
26 359
574 879
343 788
605 391
842 717
359 788
19 450
329 53
445 268
813 474
590 284
975 785
21 867
924 902
105 815
87 119
367 886
224 745
541 296
301 305
559 576
85 796
430 879
97 925
6 692
610 654
875 430
693 369
241 218
239 648
722 961
248 813
799 58
995 769
343 533
460 428
539 159
131 616
606 132
465 188
340 397
675 839
830 915
320 919
97 463
893 397
394 25
484 666
947 455
363 180
430 164
775 11
672 46
657 416
89 621
280 411
183 569
34 398
159 697
384 415
541 828
820 851
74 957
633 7
670 701
972 233
129 853
798 366
620 5
497 880
375 712
157 828
162 258
402 32
902 184
914 694
569 868
500 658
444 193
994 141
914 858
756 231
230 68
677 948
583 823
650 204
760 324
658 320
799 221
389 510
15 863
171 679
506 920
818 364
121 757
908 952
199 50
911 806
368 22
196 524
596 296
505 273
621 779
823 770
691 411
123 455
394 676
539 897
589 200
431 761
414 349
133 485
811 575
958 41
622 88
165 737
573 400
837 780
463 89
847 873
299 503
74 810
599 527
477 446
314 281
201 871
631 922
296 264
251 623
519 60
808 977
744 251
598 352
451 345
523 46
910 308
613 552
6 169
308 156
889 596
415 717
123 546
724 840
137 487
353 767
159 188
678 129
165 900
237 250
636 595
672 997
237 468
108 587
653 172
775 833
972 716
702 51
477 861
486 555
108 42
497 17
81 687
600 513
476 135
547 13
739 0
11 232
699 857
384 895
268 388
508 70
73 20
158 412
47 526
545 290
747 116
512 649
134 73
242 173
456 475
428 120
318 838
990 542
148 902
976 527
710 667
811 802
107 563
390 71
128 442
735 847
583 826
679 710
618 489
456 861
712 815
608 191
21 207
235 28
88 153
322 736
130 59
644 844
659 694
204 424
596 13
357 758
889 42
940 436
402 297
640 531
951 490
535 485
481 463
947 58
492 335
10 983
427 669
833 50
310 822
538 546
958 952
438 334
389 713
371 905
271 661
428 532
160 117
609 97
898 388
45 636
157 743
774 708
964 238
817 189
151 60
291 462
33 28
665 600
865 804
319 559
588 457
56 999
636 841
740 850
19 663
863 183
295 689
969 523
948 365
508 719
73 80
237 355
571 435
777 593
914 777
876 157
581 484
687 137
476 511
557 510
715 65
467 549
233 87
747 228
760 293
644 287
431 498
470 393
872 246
810 901
702 785
762 496
466 9
610 114
974 372
426 94
744 601
517 202
524 175
867 818
211 832
103 160
253 605
798 504
729 779
626 388
842 689
243 85
346 943
725 665
114 298
20 427
531 686
662 748
63 263
199 472
889 701
154 2
211 224
84 830
924 590
497 643
546 623
950 769
356 241
404 20
231 218
93 564
201 804
441 56
17 784
814 227
894 728
200 889
221 655
911 737
144 445
407 996
809 573
823 629
745 856
907 543
164 516
117 387
853 374
346 315
355 46
296 499
406 594
360 428
642 200
750 679
356 45
901 13
739 776
2 666
251 976
615 240
443 715
913 41
686 591
396 893
726 13
286 831
682 115
867 158
700 785
12 665
449 920
417 839
258 678
133 353
748 588
322 95
834 230
964 817
542 805
555 665
407 904
966 875
792 939
318 435
796 981
821 991
892 891
505 296
959 730
538 435
954 30
960 13
584 841
900 795
107 768
734 72
968 225
117 303
430 72
214 227
809 85
261 341
837 142
767 599
6 659
245 680
229 975
427 780
215 597
369 297
598 84
344 283
127 749
725 47
375 516
394 544
397 839
219 237
522 485
543 9
417 867
161 549
944 790
605 786
55 588
208 361
236 683
896 665
984 576
546 44
502 180
846 514
540 853
916 768
822 890
899 101
594 760
840 760
297 264
565 285
806 473
21 782
412 924
755 16
484 167
44 422
762 522
286 687
819 86
806 284
865 791
270 993
43 100
225 563
304 385
509 944
859 844
823 645
389 471
240 106
639 396
448 908
365 579
972 676
494 741
801 994
824 164
460 704
509 504
424 116
866 720
753 779
966 819
547 976
222 988
117 991
482 56
888 547
608 414
333 418
820 275
852 663
201 489
603 515
328 22
483 921
70 98
310 281
801 444
842 322
489 809
651 97
501 87
635 735
736 711
409 218
984 630
522 582
372 901
227 269
339 397
75 894
76 687
713 172
984 894
111 401
72 301
791 504
229 205
671 883
423 145
168 412
446 393
571 816
792 276
974 980
460 339
833 838
744 189
14 27
748 340
867 883
323 933
299 246
475 484
577 393
187 379
635 524
467 576
920 596
613 932
259 753
344 761
823 37
350 182
942 971
887 871
514 87
145 665
477 577
378 660
554 791
525 768
621 178
337 419
427 701
152 861
678 488
142 172
883 443
199 730
461 435
546 97
153 461
954 357
651 134
619 122
206 433
828 71
412 903
315 664
560 853
374 622
321 841
313 919
639 501
882 355
905 286
844 509
158 958
555 676
538 69
591 735
67 64
383 553
749 499
481 395
97 70
747 121
223 125
780 399
818 983
824 748
352 420
907 455
856 261
967 923
732 451
376 150
220 285
452 489
398 906
495 500
587 856
510 920
322 853
293 650
906 499
912 293
642 41
273 456
372 923
451 509
483 253
306 676
695 638
965 438
96 278
361 939
775 232
60 307
405 540
506 209
989 316
216 18
159 497
482 654
950 578
194 244
752 373
570 649
179 608
525 11
38 859
756 54
147 499
447 234
707 322
771 503
192 971
933 235
69 669
221 684
803 83
625 809
732 214
143 918
712 878
360 720
909 30
518 928
77 597
124 613
719 666
533 889
348 68
341 175
13 431
124 760
768 555
377 260
616 224
462 894
55 203
734 775
964 141
793 538
82 564
988 312
175 778
118 703
411 874
151 2
251 402
470 83
309 164
570 956
987 819
175 323
315 593
833 892
665 307
868 571
635 739
964 123
889 623
698 992
364 535
895 848
723 401
553 28
186 843
364 32
320 139
636 804
502 83
285 719
172 509
814 417
806 226
382 341
716 449
428 175
572 251
672 133
166 385
794 414
923 300
432 971
617 198
745 878
173 375
9 659
717 224
306 378
877 353
99 564
658 43
92 249
484 374
400 168
218 149
474 992
39 928
635 630
34 617
562 23
998 619
86 232
360 552
94 494
789 552
752 625
942 212
731 533
421 286
699 559
612 241
678 109
801 916
950 515
616 742
691 991
25 660
605 644
56 49
103 381
746 980
320 407
911 295
585 638
284 706
171 648
847 342
55 529
548 712
376 677
796 311
391 608
330 385
227 895
190 801
457 296
397 470
227 183
264 564
563 849
171 178
818 73
541 651
368 198
473 37
416 471
908 149
633 696
228 337
182 90
541 452
673 875
959 430
829 215
475 41
783 641
545 723
288 171
2 641
250 482
650 728
32 546
581 770
279 10
495 907
399 31
869 753
906 75
556 152
86 985
978 360
994 95
202 72
890 931
858 543
206 498
451 539
574 230
835 91
18 119
425 896
770 296
679 161
148 255
485 896
837 103
395 258
649 254
113 349
158 472
98 524
881 449
471 385
460 940
97 23
138 26
781 492
211 812
939 345
539 926
637 385
840 914
697 450
931 321
198 591
746 688
730 143
41 543
4 850
868 239
484 696
736 918
424 932
373 289
751 488
331 383
532 942
500 767
172 857
868 675
3 767
179 853
32 413
671 154
309 386
783 620
979 493
370 163
160 954
868 537
220 544
499 193
964 203
857 884
556 483
578 673
280 930
981 695
150 784
717 109
995 97
490 925
662 360
610 265
154 657
141 659
240 474
75 968
148 99
380 856
154 518
341 147
336 794
615 68
976 151
88 337
732 138
579 880
786 345
488 768
501 546
546 549
159 296
420 349
398 497
791 855
910 230
160 364
85 216
172 990
155 958
3 842
167 46
206 108
573 840
542 288
711 333
570 99
259 988
480 559
687 619
900 982
951 257
104 665
626 781
227 998
973 118
698 802
616 876
254 444
780 453
678 394
295 418
299 511
668 975
408 877
322 857
933 819
879 709
134 662
655 797
943 423
601 745
152 101
911 614
242 184
478 945
830 37
571 648
775 596
415 100
320 982
623 633
43 854
516 331
146 623
304 109
513 87
885 114
663 391
899 602
140 709
568 469
792 866
609 591
639 693
875 718
885 108
483 705
452 6
349 665
435 561
206 596
272 539
686 865
997 159
345 742
23 581
389 857
989 882
167 817
510 843
363 145
787 394
825 993
862 193
462 43
493 318
465 198
815 382
401 633
390 349
66 419
892 46
391 254
895 975
167 18
64 750
776 902
657 517
734 931
215 71
816 221
451 603
52 662
800 395
779 955
601 549
23 777
487 852
565 266
236 425
485 21
174 204
69 205
863 215
417 159
690 459
384 912
517 600
773 301
398 126
937 209
963 420
63 953
964 961
446 815
634 406
850 906
529 128
966 874
159 331
826 985
104 382
943 494
990 552
849 496
2 658
946 630
544 805
846 187
125 923
32 285
406 162
43 328
299 660
424 183
791 459
552 770
155 737
120 407
906 51
675 818
50 824
720 290
375 610
449 988
15 595
438 433
268 531
315 688
130 870
603 306
182 20
416 338
953 97
501 728
197 910
168 880
714 947
201 423
2 874
451 72
977 608
251 532
397 78
183 100
385 94
835 784
379 578
126 664
238 587
584 937
17 821
186 927
412 83
932 729
382 944
245 167
553 48
399 485
887 371
667 248
939 562
745 658
120 453
155 668
403 147
93 913
245 354
325 509
940 364
72 395
875 773
544 520
760 497
737 496
198 854
678 5
375 696
813 768
905 288
709 65
85 970
398 541
605 654
606 738
238 127
103 581
115 40
187 314
717 189
19 649
859 523
326 611
531 395
827 98
951 637
839 98
489 664
122 345
876 384
636 82
937 207
980 897
510 229
302 677
189 844
338 732
415 557
545 839
698 638
597 366
741 354
109 368
48 915
948 43
555 102
355 227
321 995
815 643
944 298
738 526
352 857
105 198
518 571
750 447
686 582
429 836
707 186
421 172
854 203
447 376
290 869
860 505
376 369
952 467
813 577
969 811
211 550
300 556
134 692
328 426
879 937
629 693
197 939
606 683
815 874
2 7
712 136
360 378
688 215
86 265
323 837
91 469
478 992
843 765
561 407
907 176
198 593
971 746
378 442
952 950
528 7
