33
19 1 2.000000
20 1 2.000000
21 1 2.000000
22 1 2.000000
23 1 2.000000
24 2 2.000000
19 2 2.000000
25 2 2.000000
26 2 2.000000
22 2 2.000000
23 2 2.000000
19 3 2.000000
20 3 2.000000
27 3 2.000000
26 3 2.000000
22 3 2.000000
24 4 2.000000
19 4 2.000000
20 4 2.000000
21 4 2.000000
28 4 2.000000
20 5 2.000000
21 5 2.000000
28 5 2.000000
23 5 2.000000
20 6 2.000000
29 6 2.000000
27 6 2.000000
26 6 2.000000
24 7 2.000000
20 7 2.000000
26 7 2.000000
23 7 2.000000
25 8 2.000000
30 8 2.000000
21 8 2.000000
27 8 2.000000
26 8 2.000000
31 8 2.000000
24 9 2.000000
19 9 2.000000
20 9 2.000000
25 9 2.000000
21 9 2.000000
26 9 2.000000
28 9 2.000000
19 10 2.000000
30 10 2.000000
29 10 2.000000
27 10 2.000000
19 11 2.000000
21 11 2.000000
27 11 2.000000
26 11 2.000000
22 11 2.000000
31 11 2.000000
23 11 2.000000
25 12 2.000000
29 12 2.000000
27 12 2.000000
26 12 2.000000
24 13 2.000000
19 13 2.000000
20 13 2.000000
30 13 2.000000
21 13 2.000000
27 13 2.000000
28 13 2.000000
24 14 2.000000
19 14 2.000000
20 14 2.000000
29 14 2.000000
27 14 2.000000
26 14 2.000000
31 14 2.000000
19 15 2.000000
30 15 2.000000
21 15 2.000000
31 15 2.000000
28 15 2.000000
24 16 2.000000
19 16 2.000000
20 16 2.000000
29 16 2.000000
21 16 2.000000
27 16 2.000000
22 16 2.000000
28 16 2.000000
21 17 2.000000
27 17 2.000000
28 17 2.000000
23 17 2.000000
25 18 2.000000
29 18 2.000000
28 18 2.000000
23 18 2.000000
0 19 11.000000
0 20 10.000000
0 21 10.000000
0 22 5.000000
0 23 7.000000
0 24 7.000000
0 25 5.000000
0 26 9.000000
0 27 10.000000
0 28 8.000000
0 29 6.000000
0 30 4.000000
0 31 4.000000
1 32 3.096774
2 32 3.096774
3 32 3.096774
4 32 3.096774
5 32 3.096774
6 32 3.096774
7 32 3.096774
8 32 3.096774
9 32 3.096774
10 32 3.096774
11 32 3.096774
12 32 3.096774
13 32 3.096774
14 32 3.096774
15 32 3.096774
16 32 3.096774
17 32 3.096774
18 32 3.096774
19 32 3.096774
20 32 3.096774
21 32 3.096774
22 32 3.096774
23 32 3.096774
24 32 3.096774
25 32 3.096774
26 32 3.096774
27 32 3.096774
28 32 3.096774
29 32 3.096774
30 32 3.096774
31 32 3.096774
