33
1 32 3.096774
2 32 3.096774
3 32 3.096774
4 32 3.096774
5 32 3.096774
6 32 3.096774
7 32 3.096774
8 32 3.096774
9 32 3.096774
10 32 3.096774
11 32 3.096774
12 32 3.096774
13 32 3.096774
14 32 3.096774
15 32 3.096774
16 32 3.096774
17 32 3.096774
18 32 3.096774
19 32 3.096774
0 19 7.000000
20 32 3.096774
0 20 4.000000
21 32 3.096774
0 21 4.000000
22 32 3.096774
0 22 5.000000
23 32 3.096774
0 23 5.000000
24 32 3.096774
0 24 6.000000
25 32 3.096774
0 25 7.000000
26 32 3.096774
0 26 8.000000
27 32 3.096774
0 27 9.000000
28 32 3.096774
0 28 10.000000
29 32 3.096774
0 29 10.000000
30 32 3.096774
0 30 10.000000
31 32 3.096774
0 31 11.000000
31 15 2.000000
28 15 2.000000
29 15 2.000000
25 15 2.000000
23 15 2.000000
31 12 2.000000
25 12 2.000000
27 12 2.000000
19 12 2.000000
22 12 2.000000
23 12 2.000000
31 16 2.000000
28 16 2.000000
30 16 2.000000
27 16 2.000000
23 16 2.000000
31 13 2.000000
28 13 2.000000
29 13 2.000000
26 13 2.000000
19 13 2.000000
28 17 2.000000
29 17 2.000000
25 17 2.000000
26 17 2.000000
28 18 2.000000
30 18 2.000000
27 18 2.000000
24 18 2.000000
28 11 2.000000
25 11 2.000000
27 11 2.000000
19 11 2.000000
29 14 2.000000
30 14 2.000000
27 14 2.000000
22 14 2.000000
20 14 2.000000
21 14 2.000000
31 9 2.000000
28 9 2.000000
29 9 2.000000
26 9 2.000000
27 9 2.000000
19 9 2.000000
22 9 2.000000
31 8 2.000000
30 8 2.000000
24 8 2.000000
20 8 2.000000
31 10 2.000000
29 10 2.000000
30 10 2.000000
25 10 2.000000
27 10 2.000000
23 10 2.000000
21 10 2.000000
30 6 2.000000
27 6 2.000000
24 6 2.000000
22 6 2.000000
31 7 2.000000
28 7 2.000000
29 7 2.000000
30 7 2.000000
26 7 2.000000
19 7 2.000000
20 7 2.000000
31 4 2.000000
28 4 2.000000
30 4 2.000000
27 4 2.000000
24 4 2.000000
19 4 2.000000
21 4 2.000000
31 1 2.000000
29 1 2.000000
26 1 2.000000
20 1 2.000000
21 1 2.000000
31 2 2.000000
28 2 2.000000
29 2 2.000000
30 2 2.000000
26 2 2.000000
24 2 2.000000
19 2 2.000000
23 2 2.000000
29 5 2.000000
30 5 2.000000
25 5 2.000000
26 5 2.000000
25 3 2.000000
26 3 2.000000
24 3 2.000000
22 3 2.000000