16 111
0 1
0 2
3 1
4 5
4 6
4 7
4 2
4 8
4 9
4 10
4 11
4 12
4 13
5 0
5 4
5 7
5 2
5 9
5 11
5 14
6 4
6 7
6 1
6 8
6 13
15 1
15 2
15 8
15 10
15 11
15 14
7 5
7 6
1 0
1 3
1 15
1 2
1 8
1 9
1 10
1 11
1 14
2 0
2 1
2 8
2 9
2 10
2 11
2 14
2 12
8 1
8 2
8 10
8 14
8 12
8 13
9 0
9 4
9 5
9 1
9 2
9 8
9 10
9 11
9 14
9 12
10 0
10 4
10 15
10 1
10 2
10 8
10 9
10 14
10 12
11 4
11 5
11 7
11 1
11 2
11 9
11 10
11 14
11 12
11 13
14 3
14 15
14 1
14 2
14 9
14 10
14 11
14 13
12 0
12 4
12 2
12 8
12 9
12 10
12 11
12 14
13 3
13 6
13 7
13 1
13 2
13 8
13 9
13 11
13 14
13 12
